 pose:
 position:
 x: 1.4648437172581907e-05
 y: -9.765624781721272e-06
 z: 0.246235653758049
 orientation:
 x: 3.896256021107547e-05
 y: -2.8252596166566946e-05
 z: 1.1007935674101077e-09
 w: 0.9999998807907104
